ID	instant_temp	total_energy	total_potential	lambda	binding_energy
0	4.87074e+01	-1.46233e+04	-1.51908e+04	1.00000e+00	-3.50244e+01
1	5.24166e+01	-1.46235e+04	-1.52342e+04	1.00000e+00	-3.34768e+01
2	5.13948e+01	-1.46231e+04	-1.52219e+04	1.00000e+00	-3.48379e+01
3	4.95836e+01	-1.46233e+04	-1.52010e+04	1.00000e+00	-3.50318e+01
4	5.03832e+01	-1.46233e+04	-1.52103e+04	1.00000e+00	-3.46651e+01
5	5.01392e+01	-1.46244e+04	-1.52086e+04	1.00000e+00	-3.37912e+01
6	5.10020e+01	-1.46247e+04	-1.52189e+04	1.00000e+00	-3.50210e+01
7	5.23247e+01	-1.46243e+04	-1.52340e+04	1.00000e+00	-3.51042e+01
8	5.07809e+01	-1.46238e+04	-1.52155e+04	1.00000e+00	-3.50385e+01
9	5.09998e+01	-1.46243e+04	-1.52185e+04	1.00000e+00	-3.61614e+01
10	8.32858e+01	-1.38301e+04	-1.48005e+04	1.00000e+00	-3.43839e+01
11	8.64089e+01	-1.38301e+04	-1.48368e+04	1.00000e+00	-3.55657e+01
12	8.72616e+01	-1.38310e+04	-1.48476e+04	1.00000e+00	-3.46122e+01
13	8.49381e+01	-1.38303e+04	-1.48199e+04	1.00000e+00	-3.46350e+01
14	8.68423e+01	-1.38295e+04	-1.48413e+04	1.00000e+00	-3.37393e+01
15	8.47191e+01	-1.38286e+04	-1.48156e+04	1.00000e+00	-3.32969e+01
16	8.55627e+01	-1.38300e+04	-1.48269e+04	1.00000e+00	-3.38494e+01
17	8.72286e+01	-1.38305e+04	-1.48468e+04	1.00000e+00	-3.43266e+01
18	8.45786e+01	-1.38312e+04	-1.48166e+04	1.00000e+00	-3.30123e+01
19	9.42373e+01	-1.38311e+04	-1.49290e+04	1.00000e+00	-3.38770e+01
20	1.08577e+02	-1.32859e+04	-1.45509e+04	1.00000e+00	-3.23684e+01
21	1.12036e+02	-1.32854e+04	-1.45907e+04	1.00000e+00	-3.45985e+01
22	1.10957e+02	-1.32858e+04	-1.45785e+04	1.00000e+00	-3.31654e+01
23	1.09058e+02	-1.32856e+04	-1.45562e+04	1.00000e+00	-3.30848e+01
24	1.10677e+02	-1.32854e+04	-1.45749e+04	1.00000e+00	-3.78256e+01
25	1.09255e+02	-1.32854e+04	-1.45584e+04	1.00000e+00	-3.61383e+01
26	1.10363e+02	-1.32861e+04	-1.45720e+04	1.00000e+00	-3.68509e+01
27	1.09170e+02	-1.32860e+04	-1.45579e+04	1.00000e+00	-3.59206e+01
28	1.08656e+02	-1.32862e+04	-1.45521e+04	1.00000e+00	-3.86193e+01
29	1.19014e+02	-1.32850e+04	-1.46716e+04	1.00000e+00	-3.89535e+01
30	1.29326e+02	-1.27911e+04	-1.42979e+04	1.00000e+00	-3.76599e+01
31	1.31924e+02	-1.27913e+04	-1.43284e+04	1.00000e+00	-3.79268e+01
32	1.31025e+02	-1.27910e+04	-1.43176e+04	1.00000e+00	-3.89729e+01
33	1.28756e+02	-1.27901e+04	-1.42902e+04	1.00000e+00	-3.65611e+01
34	1.28743e+02	-1.27908e+04	-1.42908e+04	1.00000e+00	-3.67100e+01
35	1.26986e+02	-1.27912e+04	-1.42707e+04	1.00000e+00	-3.36019e+01
36	1.28342e+02	-1.27913e+04	-1.42866e+04	1.00000e+00	-3.39878e+01
37	1.31476e+02	-1.27916e+04	-1.43234e+04	1.00000e+00	-3.34415e+01
38	1.29843e+02	-1.27917e+04	-1.43045e+04	1.00000e+00	-3.45704e+01
39	1.38374e+02	-1.27916e+04	-1.44037e+04	1.00000e+00	-3.90351e+01
40	1.52501e+02	-1.22929e+04	-1.40696e+04	1.00000e+00	-3.27214e+01
41	1.51581e+02	-1.22914e+04	-1.40575e+04	1.00000e+00	-3.42097e+01
42	1.53011e+02	-1.22900e+04	-1.40727e+04	1.00000e+00	-3.24561e+01
43	1.51487e+02	-1.22916e+04	-1.40566e+04	1.00000e+00	-3.26317e+01
44	1.53099e+02	-1.22914e+04	-1.40752e+04	1.00000e+00	-3.47078e+01
45	1.51295e+02	-1.22911e+04	-1.40538e+04	1.00000e+00	-3.77596e+01
46	1.52933e+02	-1.22918e+04	-1.40736e+04	1.00000e+00	-3.67490e+01
47	1.51410e+02	-1.22917e+04	-1.40558e+04	1.00000e+00	-3.83580e+01
48	1.54060e+02	-1.22919e+04	-1.40869e+04	1.00000e+00	-3.41928e+01
49	1.58624e+02	-1.22915e+04	-1.41397e+04	1.00000e+00	-3.53728e+01
50	1.73717e+02	-1.17923e+04	-1.38162e+04	1.00000e+00	-3.32145e+01
51	1.73849e+02	-1.17932e+04	-1.38187e+04	1.00000e+00	-3.76369e+01
52	1.74355e+02	-1.17930e+04	-1.38244e+04	1.00000e+00	-3.57493e+01
53	1.72844e+02	-1.17920e+04	-1.38058e+04	1.00000e+00	-3.50756e+01
54	1.71300e+02	-1.17933e+04	-1.37891e+04	1.00000e+00	-3.55557e+01
55	1.74370e+02	-1.17941e+04	-1.38257e+04	1.00000e+00	-3.58438e+01
56	1.69781e+02	-1.17949e+04	-1.37730e+04	1.00000e+00	-3.24316e+01
57	1.73526e+02	-1.17935e+04	-1.38152e+04	1.00000e+00	-3.09388e+01
58	1.72034e+02	-1.17931e+04	-1.37974e+04	1.00000e+00	-3.14865e+01
59	1.82465e+02	-1.17938e+04	-1.39197e+04	1.00000e+00	-3.58766e+01
60	1.88503e+02	-1.13887e+04	-1.35850e+04	1.00000e+00	-3.26735e+01
61	1.93481e+02	-1.13906e+04	-1.36448e+04	1.00000e+00	-2.92051e+01
62	1.89676e+02	-1.13900e+04	-1.35998e+04	1.00000e+00	-3.16945e+01
63	1.86404e+02	-1.13898e+04	-1.35616e+04	1.00000e+00	-3.43587e+01
64	1.89207e+02	-1.13893e+04	-1.35937e+04	1.00000e+00	-3.38756e+01
65	1.90332e+02	-1.13893e+04	-1.36069e+04	1.00000e+00	-3.03937e+01
66	1.92098e+02	-1.13892e+04	-1.36273e+04	1.00000e+00	-3.01787e+01
67	1.91625e+02	-1.13900e+04	-1.36226e+04	1.00000e+00	-3.20994e+01
68	1.91365e+02	-1.13894e+04	-1.36190e+04	1.00000e+00	-2.89517e+01
69	1.96514e+02	-1.13894e+04	-1.36790e+04	1.00000e+00	-3.18198e+01
70	2.17442e+02	-1.08245e+04	-1.33579e+04	1.00000e+00	-2.88436e+01
71	2.18705e+02	-1.08244e+04	-1.33725e+04	1.00000e+00	-2.99243e+01
72	2.16020e+02	-1.08241e+04	-1.33409e+04	1.00000e+00	-3.20380e+01
73	2.14864e+02	-1.08246e+04	-1.33280e+04	1.00000e+00	-3.22684e+01
74	2.10884e+02	-1.08241e+04	-1.32811e+04	1.00000e+00	-3.40872e+01
75	2.11147e+02	-1.08240e+04	-1.32840e+04	1.00000e+00	-3.15521e+01
76	2.15650e+02	-1.08242e+04	-1.33367e+04	1.00000e+00	-3.26936e+01
77	2.12516e+02	-1.08245e+04	-1.33005e+04	1.00000e+00	-3.42795e+01
78	2.13374e+02	-1.08245e+04	-1.33105e+04	1.00000e+00	-3.32695e+01
79	2.21852e+02	-1.08254e+04	-1.34102e+04	1.00000e+00	-2.83061e+01
80	2.34109e+02	-1.03615e+04	-1.30891e+04	1.00000e+00	-3.11469e+01
81	2.34995e+02	-1.03615e+04	-1.30994e+04	1.00000e+00	-3.24943e+01
82	2.35500e+02	-1.03610e+04	-1.31048e+04	1.00000e+00	-2.31002e+01
83	2.33624e+02	-1.03609e+04	-1.30828e+04	1.00000e+00	-2.50618e+01
84	2.33891e+02	-1.03611e+04	-1.30862e+04	1.00000e+00	-2.51487e+01
85	2.36373e+02	-1.03603e+04	-1.31143e+04	1.00000e+00	-2.61697e+01
86	2.36913e+02	-1.03603e+04	-1.31205e+04	1.00000e+00	-3.08905e+01
87	2.35687e+02	-1.03604e+04	-1.31063e+04	1.00000e+00	-2.88534e+01
88	2.29852e+02	-1.03621e+04	-1.30401e+04	1.00000e+00	-3.33765e+01
89	2.37890e+02	-1.03609e+04	-1.31325e+04	1.00000e+00	-3.36440e+01
90	2.56826e+02	-9.88107e+03	-1.28733e+04	1.00000e+00	-3.39539e+01
91	2.56262e+02	-9.88009e+03	-1.28658e+04	1.00000e+00	-3.19024e+01
92	2.55434e+02	-9.87996e+03	-1.28560e+04	1.00000e+00	-3.37941e+01
93	2.51173e+02	-9.88102e+03	-1.28074e+04	1.00000e+00	-2.85430e+01
94	2.58154e+02	-9.88004e+03	-1.28878e+04	1.00000e+00	-2.77155e+01
95	2.54302e+02	-9.88061e+03	-1.28434e+04	1.00000e+00	-2.94214e+01
96	2.51960e+02	-9.88212e+03	-1.28177e+04	1.00000e+00	-3.07861e+01
97	2.53341e+02	-9.88187e+03	-1.28335e+04	1.00000e+00	-3.16631e+01
98	2.51730e+02	-9.88081e+03	-1.28137e+04	1.00000e+00	-2.79667e+01
99	2.64085e+02	-9.88237e+03	-1.29592e+04	1.00000e+00	-3.35087e+01
100	2.55594e+02	-9.81480e+03	-1.27927e+04	1.00000e+00	-3.20725e+01
101	2.58206e+02	-9.72795e+03	-1.27363e+04	1.00000e+00	-3.14678e+01
102	2.63219e+02	-9.66365e+03	-1.27304e+04	1.00000e+00	-3.39775e+01
103	2.67318e+02	-9.56390e+03	-1.26784e+04	1.00000e+00	-3.14653e+01
104	2.71134e+02	-9.49125e+03	-1.26502e+04	1.00000e+00	-2.96170e+01
105	2.73301e+02	-9.39061e+03	-1.25748e+04	1.00000e+00	-3.24175e+01
106	2.74077e+02	-9.34949e+03	-1.25427e+04	1.00000e+00	-2.97668e+01
107	2.80398e+02	-9.24498e+03	-1.25119e+04	1.00000e+00	-3.52141e+01
108	2.82834e+02	-9.19256e+03	-1.24878e+04	1.00000e+00	-3.63462e+01
109	2.83006e+02	-9.17444e+03	-1.24717e+04	1.00000e+00	-3.77578e+01
110	2.82556e+02	-9.16519e+03	-1.24572e+04	1.00000e+00	-3.25203e+01
111	2.89538e+02	-9.14949e+03	-1.25229e+04	1.00000e+00	-3.76837e+01
112	2.84857e+02	-9.12830e+03	-1.24471e+04	1.00000e+00	-3.61954e+01
113	2.91641e+02	-9.07007e+03	-1.24680e+04	1.00000e+00	-3.52422e+01
114	2.82162e+02	-9.04678e+03	-1.23342e+04	1.00000e+00	-3.49442e+01
115	2.92941e+02	-9.00626e+03	-1.24193e+04	1.00000e+00	-3.50715e+01
116	2.88219e+02	-9.03340e+03	-1.23914e+04	1.00000e+00	-3.66140e+01
117	2.94354e+02	-9.04348e+03	-1.24730e+04	1.00000e+00	-3.70035e+01
118	2.88409e+02	-9.05936e+03	-1.24196e+04	1.00000e+00	-3.66570e+01
119	2.89857e+02	-9.04512e+03	-1.24222e+04	1.00000e+00	-3.33453e+01
120	2.91858e+02	-9.06670e+03	-1.24671e+04	1.00000e+00	-2.86908e+01
121	2.87776e+02	-9.10121e+03	-1.24541e+04	1.00000e+00	-3.83698e+01
122	2.88373e+02	-9.06045e+03	-1.24203e+04	1.00000e+00	-3.58509e+01
123	2.90543e+02	-9.02089e+03	-1.24060e+04	1.00000e+00	-2.90011e+01
124	2.89812e+02	-9.04293e+03	-1.24195e+04	1.00000e+00	-2.63892e+01
125	2.90249e+02	-9.00965e+03	-1.23913e+04	1.00000e+00	-3.05780e+01
126	2.92249e+02	-9.01796e+03	-1.24229e+04	1.00000e+00	-3.16703e+01
127	2.94784e+02	-9.03383e+03	-1.24683e+04	1.00000e+00	-2.57721e+01
128	2.94866e+02	-9.01013e+03	-1.24456e+04	1.00000e+00	-3.25258e+01
129	2.92549e+02	-8.98225e+03	-1.23907e+04	1.00000e+00	-2.96986e+01
130	2.92186e+02	-8.99553e+03	-1.23998e+04	1.00000e+00	-3.76172e+01
131	2.96468e+02	-9.00175e+03	-1.24559e+04	1.00000e+00	-3.62265e+01
132	2.99326e+02	-8.98373e+03	-1.24711e+04	1.00000e+00	-3.34896e+01
133	2.94488e+02	-8.91770e+03	-1.23487e+04	1.00000e+00	-3.81155e+01
134	3.02123e+02	-8.88161e+03	-1.24016e+04	1.00000e+00	-3.59159e+01
135	3.01187e+02	-8.86122e+03	-1.23703e+04	1.00000e+00	-4.09986e+01
136	2.96525e+02	-8.86122e+03	-1.23160e+04	1.00000e+00	-3.63718e+01
137	2.95726e+02	-8.89929e+03	-1.23448e+04	1.00000e+00	-4.49637e+01
138	3.02831e+02	-8.86396e+03	-1.23922e+04	1.00000e+00	-4.43508e+01
139	3.00810e+02	-8.85765e+03	-1.23624e+04	1.00000e+00	-4.10667e+01
140	3.01427e+02	-8.83004e+03	-1.23419e+04	1.00000e+00	-3.91254e+01
141	3.02352e+02	-8.86451e+03	-1.23872e+04	1.00000e+00	-3.83553e+01
142	2.96985e+02	-8.87739e+03	-1.23375e+04	1.00000e+00	-3.63680e+01
143	2.94938e+02	-8.91050e+03	-1.23468e+04	1.00000e+00	-3.25742e+01
144	2.92593e+02	-8.92361e+03	-1.23326e+04	1.00000e+00	-3.36191e+01
145	2.93550e+02	-8.92327e+03	-1.23434e+04	1.00000e+00	-3.85660e+01
146	3.01852e+02	-8.88252e+03	-1.23994e+04	1.00000e+00	-3.94735e+01
147	3.00644e+02	-8.87242e+03	-1.23752e+04	1.00000e+00	-3.83366e+01
148	3.03978e+02	-8.85578e+03	-1.23974e+04	1.00000e+00	-3.61174e+01
149	2.97426e+02	-8.84611e+03	-1.23114e+04	1.00000e+00	-3.53674e+01
150	2.97764e+02	-8.82767e+03	-1.22969e+04	1.00000e+00	-3.82540e+01
151	2.98876e+02	-8.87448e+03	-1.23567e+04	1.00000e+00	-3.57579e+01
152	2.96523e+02	-8.85670e+03	-1.23115e+04	1.00000e+00	-3.09307e+01
153	2.97752e+02	-8.89126e+03	-1.23603e+04	1.00000e+00	-3.29016e+01
154	2.97951e+02	-8.82172e+03	-1.22931e+04	1.00000e+00	-3.83642e+01
155	2.97217e+02	-8.85320e+03	-1.23161e+04	1.00000e+00	-3.55528e+01
156	3.01106e+02	-8.84876e+03	-1.23569e+04	1.00000e+00	-3.55860e+01
157	3.02607e+02	-8.86490e+03	-1.23905e+04	1.00000e+00	-3.56110e+01
158	2.98546e+02	-8.84424e+03	-1.23226e+04	1.00000e+00	-3.83363e+01
159	2.95264e+02	-8.84180e+03	-1.22819e+04	1.00000e+00	-3.46330e+01
160	3.01842e+02	-8.83915e+03	-1.23559e+04	1.00000e+00	-3.81843e+01
161	3.05408e+02	-8.83220e+03	-1.23905e+04	1.00000e+00	-3.92837e+01
162	3.03337e+02	-8.80271e+03	-1.23369e+04	1.00000e+00	-4.02908e+01
163	3.02169e+02	-8.84046e+03	-1.23610e+04	1.00000e+00	-3.62366e+01
164	2.96740e+02	-8.88845e+03	-1.23457e+04	1.00000e+00	-3.63765e+01
165	2.94299e+02	-8.89886e+03	-1.23277e+04	1.00000e+00	-3.78527e+01
166	3.00512e+02	-8.88756e+03	-1.23888e+04	1.00000e+00	-3.90588e+01
167	2.97001e+02	-8.90168e+03	-1.23620e+04	1.00000e+00	-3.85817e+01
168	2.94295e+02	-8.91655e+03	-1.23454e+04	1.00000e+00	-3.43120e+01
169	2.97434e+02	-8.93837e+03	-1.24037e+04	1.00000e+00	-3.24918e+01
170	2.93013e+02	-8.94364e+03	-1.23575e+04	1.00000e+00	-3.51446e+01
171	2.93442e+02	-8.92950e+03	-1.23484e+04	1.00000e+00	-3.18455e+01
172	2.98273e+02	-8.91251e+03	-1.23877e+04	1.00000e+00	-3.17534e+01
173	3.00369e+02	-8.91217e+03	-1.24117e+04	1.00000e+00	-3.36347e+01
174	3.02677e+02	-8.88746e+03	-1.24139e+04	1.00000e+00	-3.68102e+01
175	2.94867e+02	-8.90952e+03	-1.23450e+04	1.00000e+00	-2.83050e+01
176	3.01427e+02	-8.91256e+03	-1.24245e+04	1.00000e+00	-3.08653e+01
177	2.95869e+02	-8.90788e+03	-1.23550e+04	1.00000e+00	-3.24742e+01
178	2.96072e+02	-8.88651e+03	-1.23360e+04	1.00000e+00	-3.20329e+01
179	2.97054e+02	-8.93107e+03	-1.23920e+04	1.00000e+00	-2.96865e+01
180	2.94698e+02	-8.89626e+03	-1.23298e+04	1.00000e+00	-2.93122e+01
181	2.95915e+02	-8.89940e+03	-1.23471e+04	1.00000e+00	-2.72514e+01
182	2.95517e+02	-8.89071e+03	-1.23337e+04	1.00000e+00	-2.85449e+01
183	3.00435e+02	-8.90260e+03	-1.24029e+04	1.00000e+00	-3.17698e+01
184	2.98149e+02	-8.88010e+03	-1.23538e+04	1.00000e+00	-4.05591e+01
185	3.01279e+02	-8.85432e+03	-1.23645e+04	1.00000e+00	-3.82443e+01
186	2.98193e+02	-8.84421e+03	-1.23184e+04	1.00000e+00	-3.55281e+01
187	3.00041e+02	-8.78512e+03	-1.22809e+04	1.00000e+00	-3.84666e+01
188	3.04522e+02	-8.75837e+03	-1.23063e+04	1.00000e+00	-3.49448e+01
189	3.05244e+02	-8.78717e+03	-1.23435e+04	1.00000e+00	-3.15117e+01
190	2.99619e+02	-8.80046e+03	-1.22913e+04	1.00000e+00	-3.27104e+01
191	2.99286e+02	-8.77655e+03	-1.22635e+04	1.00000e+00	-3.10506e+01
192	3.00554e+02	-8.78486e+03	-1.22866e+04	1.00000e+00	-3.14416e+01
193	3.03475e+02	-8.77437e+03	-1.23101e+04	1.00000e+00	-3.22496e+01
194	3.04028e+02	-8.74850e+03	-1.22907e+04	1.00000e+00	-3.31444e+01
195	3.01448e+02	-8.77747e+03	-1.22896e+04	1.00000e+00	-3.80087e+01
196	3.03462e+02	-8.77887e+03	-1.23145e+04	1.00000e+00	-3.57570e+01
197	3.03481e+02	-8.76467e+03	-1.23005e+04	1.00000e+00	-3.35655e+01
198	3.03148e+02	-8.77385e+03	-1.23058e+04	1.00000e+00	-3.61148e+01
199	3.02762e+02	-8.77676e+03	-1.23042e+04	1.00000e+00	-3.51276e+01
200	3.01045e+02	-8.76608e+03	-1.22735e+04	1.00000e+00	-3.59973e+01
201	3.01366e+02	-8.77916e+03	-1.22903e+04	1.00000e+00	-3.76851e+01
202	3.04912e+02	-8.80614e+03	-1.23586e+04	1.00000e+00	-4.19896e+01
203	3.00252e+02	-8.82171e+03	-1.23199e+04	1.00000e+00	-3.55938e+01
204	3.00367e+02	-8.80588e+03	-1.23054e+04	1.00000e+00	-3.91298e+01
205	2.96735e+02	-8.79264e+03	-1.22499e+04	1.00000e+00	-3.97703e+01
206	3.04767e+02	-8.79128e+03	-1.23421e+04	1.00000e+00	-3.82058e+01
207	3.02326e+02	-8.82094e+03	-1.23433e+04	1.00000e+00	-3.84645e+01
208	2.99786e+02	-8.81397e+03	-1.23068e+04	1.00000e+00	-3.73698e+01
209	2.98590e+02	-8.81126e+03	-1.22901e+04	1.00000e+00	-3.80225e+01
210	3.02429e+02	-8.81521e+03	-1.23388e+04	1.00000e+00	-3.42139e+01
211	2.96809e+02	-8.85889e+03	-1.23170e+04	1.00000e+00	-3.52080e+01
212	2.99237e+02	-8.91900e+03	-1.24054e+04	1.00000e+00	-3.42402e+01
213	2.99583e+02	-8.90039e+03	-1.23908e+04	1.00000e+00	-3.20181e+01
214	2.95879e+02	-8.89576e+03	-1.23430e+04	1.00000e+00	-3.16976e+01
215	2.94734e+02	-8.88189e+03	-1.23158e+04	1.00000e+00	-2.82100e+01
216	3.02437e+02	-8.89682e+03	-1.24205e+04	1.00000e+00	-3.33584e+01
217	2.98812e+02	-8.88156e+03	-1.23630e+04	1.00000e+00	-3.22965e+01
218	2.97670e+02	-8.90307e+03	-1.23712e+04	1.00000e+00	-3.19323e+01
219	3.03164e+02	-8.91048e+03	-1.24426e+04	1.00000e+00	-3.52490e+01
220	3.04083e+02	-8.85789e+03	-1.24007e+04	1.00000e+00	-3.51593e+01
221	2.96137e+02	-8.84693e+03	-1.22972e+04	1.00000e+00	-3.79720e+01
222	2.99249e+02	-8.88021e+03	-1.23667e+04	1.00000e+00	-3.77056e+01
223	2.97697e+02	-8.89081e+03	-1.23593e+04	1.00000e+00	-3.90713e+01
224	2.99950e+02	-8.87489e+03	-1.23696e+04	1.00000e+00	-3.57503e+01
225	3.01022e+02	-8.87119e+03	-1.23784e+04	1.00000e+00	-3.60483e+01
226	2.99443e+02	-8.90775e+03	-1.23965e+04	1.00000e+00	-2.75382e+01
227	2.99759e+02	-8.91138e+03	-1.24038e+04	1.00000e+00	-3.93064e+01
228	2.95806e+02	-8.92915e+03	-1.23756e+04	1.00000e+00	-3.76581e+01
229	2.98265e+02	-8.89277e+03	-1.23678e+04	1.00000e+00	-3.55183e+01
230	2.99462e+02	-8.90696e+03	-1.23960e+04	1.00000e+00	-3.54541e+01
231	2.98911e+02	-8.89285e+03	-1.23754e+04	1.00000e+00	-3.72315e+01
232	3.05016e+02	-8.86763e+03	-1.24213e+04	1.00000e+00	-4.07916e+01
233	2.96754e+02	-8.88377e+03	-1.23412e+04	1.00000e+00	-4.34597e+01
234	3.00101e+02	-8.85518e+03	-1.23516e+04	1.00000e+00	-3.77128e+01
235	3.07814e+02	-8.83788e+03	-1.24242e+04	1.00000e+00	-3.54167e+01
236	3.01683e+02	-8.87413e+03	-1.23890e+04	1.00000e+00	-3.35882e+01
237	2.96524e+02	-8.89511e+03	-1.23499e+04	1.00000e+00	-3.24326e+01
238	2.97615e+02	-8.88833e+03	-1.23558e+04	1.00000e+00	-3.69206e+01
239	2.93876e+02	-8.87829e+03	-1.23022e+04	1.00000e+00	-3.86053e+01
240	3.00966e+02	-8.89802e+03	-1.24046e+04	1.00000e+00	-3.63032e+01
241	2.99363e+02	-8.93418e+03	-1.24220e+04	1.00000e+00	-4.26338e+01
242	3.01490e+02	-8.93182e+03	-1.24445e+04	1.00000e+00	-4.26661e+01
243	2.94147e+02	-8.93597e+03	-1.23631e+04	1.00000e+00	-3.85190e+01
244	2.95041e+02	-8.95673e+03	-1.23942e+04	1.00000e+00	-3.81462e+01
245	2.94255e+02	-8.96396e+03	-1.23923e+04	1.00000e+00	-3.47855e+01
246	2.96613e+02	-8.96470e+03	-1.24205e+04	1.00000e+00	-3.92620e+01
247	2.95839e+02	-8.91354e+03	-1.23603e+04	1.00000e+00	-3.77953e+01
248	2.98605e+02	-8.88996e+03	-1.23690e+04	1.00000e+00	-3.90832e+01
249	2.97099e+02	-8.87183e+03	-1.23333e+04	1.00000e+00	-4.01044e+01
250	3.03673e+02	-8.86203e+03	-1.24001e+04	1.00000e+00	-3.36702e+01
251	3.01697e+02	-8.86802e+03	-1.23831e+04	1.00000e+00	-4.22491e+01
252	2.99506e+02	-8.84435e+03	-1.23339e+04	1.00000e+00	-4.21901e+01
253	2.98985e+02	-8.85504e+03	-1.23385e+04	1.00000e+00	-4.44105e+01
254	3.01041e+02	-8.80373e+03	-1.23111e+04	1.00000e+00	-3.75694e+01
255	3.07210e+02	-8.79279e+03	-1.23721e+04	1.00000e+00	-3.38897e+01
256	3.03386e+02	-8.83044e+03	-1.23652e+04	1.00000e+00	-3.56686e+01
257	3.01985e+02	-8.84857e+03	-1.23670e+04	1.00000e+00	-3.56436e+01
258	3.01037e+02	-8.85814e+03	-1.23655e+04	1.00000e+00	-3.45844e+01
259	3.02188e+02	-8.83952e+03	-1.23603e+04	1.00000e+00	-4.02726e+01
260	3.02133e+02	-8.85129e+03	-1.23714e+04	1.00000e+00	-3.73901e+01
261	3.01189e+02	-8.88539e+03	-1.23945e+04	1.00000e+00	-3.98575e+01
262	2.95611e+02	-8.87283e+03	-1.23170e+04	1.00000e+00	-3.75035e+01
263	3.01014e+02	-8.89319e+03	-1.24003e+04	1.00000e+00	-3.99547e+01
264	2.98506e+02	-8.91144e+03	-1.23893e+04	1.00000e+00	-4.00431e+01
265	3.00392e+02	-8.88400e+03	-1.23838e+04	1.00000e+00	-3.75625e+01
266	3.03833e+02	-8.87651e+03	-1.24164e+04	1.00000e+00	-4.19651e+01
267	3.00586e+02	-8.88846e+03	-1.23906e+04	1.00000e+00	-4.18196e+01
268	3.01686e+02	-8.86800e+03	-1.23829e+04	1.00000e+00	-4.35692e+01
269	3.00507e+02	-8.86033e+03	-1.23615e+04	1.00000e+00	-3.49908e+01
270	3.01999e+02	-8.86931e+03	-1.23879e+04	1.00000e+00	-3.92272e+01
271	2.99410e+02	-8.83698e+03	-1.23254e+04	1.00000e+00	-4.06604e+01
272	3.03851e+02	-8.81084e+03	-1.23510e+04	1.00000e+00	-3.98380e+01
273	3.01524e+02	-8.81648e+03	-1.23295e+04	1.00000e+00	-4.06531e+01
274	2.97097e+02	-8.86305e+03	-1.23245e+04	1.00000e+00	-4.36108e+01
275	3.01393e+02	-8.83487e+03	-1.23464e+04	1.00000e+00	-4.00358e+01
276	2.99571e+02	-8.83395e+03	-1.23242e+04	1.00000e+00	-3.73719e+01
277	3.02116e+02	-8.80288e+03	-1.23228e+04	1.00000e+00	-3.44712e+01
278	3.06263e+02	-8.73127e+03	-1.22995e+04	1.00000e+00	-4.16765e+01
279	3.09633e+02	-8.74445e+03	-1.23520e+04	1.00000e+00	-3.78505e+01
280	3.05099e+02	-8.72110e+03	-1.22758e+04	1.00000e+00	-3.86185e+01
281	3.11214e+02	-8.70211e+03	-1.23280e+04	1.00000e+00	-3.97578e+01
282	3.05340e+02	-8.69202e+03	-1.22495e+04	1.00000e+00	-4.13820e+01
283	3.05570e+02	-8.70393e+03	-1.22641e+04	1.00000e+00	-3.97317e+01
284	3.01524e+02	-8.76106e+03	-1.22741e+04	1.00000e+00	-4.22011e+01
285	3.06113e+02	-8.75659e+03	-1.23231e+04	1.00000e+00	-3.90953e+01
286	3.09370e+02	-8.76801e+03	-1.23724e+04	1.00000e+00	-4.19905e+01
287	3.03280e+02	-8.75863e+03	-1.22921e+04	1.00000e+00	-4.44886e+01
288	3.05168e+02	-8.76561e+03	-1.23211e+04	1.00000e+00	-3.55619e+01
289	3.11567e+02	-8.70376e+03	-1.23338e+04	1.00000e+00	-3.68750e+01
290	3.10016e+02	-8.67879e+03	-1.22908e+04	1.00000e+00	-3.94164e+01
291	3.05860e+02	-8.69508e+03	-1.22586e+04	1.00000e+00	-3.75849e+01
292	3.07138e+02	-8.69827e+03	-1.22767e+04	1.00000e+00	-4.08745e+01
293	3.06595e+02	-8.71896e+03	-1.22911e+04	1.00000e+00	-3.70684e+01
294	3.07580e+02	-8.74069e+03	-1.23243e+04	1.00000e+00	-3.50574e+01
295	3.08289e+02	-8.72207e+03	-1.23139e+04	1.00000e+00	-3.28168e+01
296	3.01941e+02	-8.76419e+03	-1.22821e+04	1.00000e+00	-3.68387e+01
297	3.06701e+02	-8.74935e+03	-1.23227e+04	1.00000e+00	-3.29121e+01
298	3.03992e+02	-8.72697e+03	-1.22687e+04	1.00000e+00	-3.39504e+01
299	3.04745e+02	-8.74273e+03	-1.22933e+04	1.00000e+00	-3.45852e+01
